"High School Algorithm": 
	32, 1.66E-05
	64, 6.27E-05
	128, 0.0002502
	256, 0.0011712
	512, 0.005405
	1024, 0.0172198
	2048, 0.0661932
	4096, 0.260906
	8192, 1.0425219
	16384, 5.1897461
	32768, 17.493802
	65536, 70.8267984
	131072, 287.9776509
	262144, 1143.5974027
Divde & Conquer Algorithm:
	32, 0.0004
	64, 0.0005453
	128, 0.0014131
	256, 0.0048865
	512, 0.0124177
	1024, 0.0369454
	2048, 0.1082454
	4096, 0.3111716
	8192, 1.0036935
	16384, 2.8639685
	32768, 8.6334169
	65536, 25.8483871
	131072, 79.4556526
	262144, 232.3543489
	524288, 711.3517082
Fast Fourier Tranform Algorithm:
	32, 0.0006918
	64, 0.0014253
	128, 0.0025626
	256, 0.0047553
	512, 0.0087753
	1024, 0.0214945
	2048, 0.0443626
	4096, 0.0974335
	8192, 0.2116356
	16384, 0.423012
	32768, 0.8843513
	65536, 1.867824
	131072, 3.9681933
	262144, 8.1412995
	524288, 17.3244105
	1048576, 36.8771824
	2097152, 78.4817765
	4194304, 197.4901327