"High School Algorithm": 
	32 0
	64 0
	128 0
	256 0.001
	512 0.004
	1024 0.017
	2048 0.067
	4096 0.266
	8192 1.04
	16384 4.243
	32768 17.017
	65536 73.698
	131072 291.574
	262144 1175.289
	524288 4878.346 (1 hour, 21 minutes, 18 seconds) (6.36 times slower than Divide & Conquer)
Divde & Conquer Algorithm:
	32 0
	64 0
	128 0.003
	256 0.005
	512 0.014
	1024 0.037
	2048 0.108
	4096 0.314
	8192 0.952
	16384 2.843
	32768 8.788
	65536 27.085
	131072 80.022
	262144 240.477
	524288 767.016 (12 minutes, 47 seconds, 16 milliseconds)
